13
0 1 0 0 0 0 0 0 0 0 0 0 1 
0 0 1 0 0 0 0 0 0 0 0 0 1 
0 0 0 1 0 0 0 0 0 0 0 0 1 
0 0 0 0 1 0 0 0 0 0 0 0 1 
0 0 0 0 0 1 0 0 0 0 0 0 1 
0 0 0 0 0 0 1 0 0 0 0 0 1 
0 0 0 0 0 0 0 1 0 0 0 0 1 
0 0 0 0 0 0 0 0 1 0 0 0 1 
0 0 0 0 0 0 0 0 0 1 0 0 1 
0 0 0 0 0 0 0 0 0 0 1 0 1 
0 0 0 0 0 0 0 0 0 0 0 1 1 
1 0 0 0 0 0 0 0 0 0 0 0 1 
0 0 0 0 0 0 0 0 0 0 0 0 0 
0 6 0 1 100 100 2 1 1 1 12 1 1 
1 5 0 1 100 200 2 2 1 1 12 1 1 
2 5 0 1 200 100 2 3 1 1 12 1 1 
3 5 0 1 100 200 2 4 1 1 12 1 1 
4 5 0 1 200 200 2 5 1 1 12 1 1 
5 5 0 1 300 200 2 6 1 1 12 1 1 
6 5 0 1 200 300 2 7 1 1 12 1 1 
7 5 0 1 300 300 2 8 1 1 12 1 1 
8 5 0 1 400 300 2 9 1 1 12 1 1 
9 5 0 1 300 400 2 10 1 1 12 1 1 
10 5 0 1 400 400 2 11 1 1 12 1 1 
11 5 0 1 500 400 2 0 1 1 12 1 1 
12 100 1 1 600 600 0 

