13
0 1 0 0 0 0 0 0 0 0 0 0 1 
0 0 1 0 0 0 0 0 0 0 0 0 1 
0 0 0 1 0 0 0 0 0 0 0 0 1 
0 0 0 0 1 0 0 0 0 0 0 0 1 
0 0 0 0 0 1 0 0 0 0 0 0 1 
0 0 0 0 0 0 1 0 0 0 0 0 1 
0 0 0 0 0 0 0 1 0 0 0 0 1 
0 0 0 0 0 0 0 0 1 0 0 0 1 
0 0 0 0 0 0 0 0 0 1 0 0 1 
0 0 0 0 0 0 0 0 0 0 1 0 1 
0 0 0 0 0 0 0 0 0 0 0 1 1 
1 0 0 0 0 0 0 0 0 0 0 0 1 
0 0 0 0 0 0 0 0 0 0 0 0 0 
0 6 1 1 1 1 2 1 1 1 12 1 1 
1 5 1 1 342 343 2 2 1 1 12 1 1 
2 5 1 1 700 600 2 3 1 1 12 1 1 
3 44 1 1 105 460 2 4 1 1 12 1 1 
4 0 1 1 1 253 2 5 1 1 12 1 1 
5 5 1 1 183 163 2 6 1 1 12 1 1 
6 0 0 1 463 31 2 7 1 1 12 1 1 
7 0 1 1 127 489 2 8 1 1 12 1 1 
8 100 0 1 603 479 2 9 1 1 12 1 1 
9 5 1 1 1 615 2 10 1 1 12 1 1 
10 100 1 1 374 1 2 11 1 1 12 1 1 
11 100 1 1 613 273 2 0 1 1 12 1 1 
12 100 1 1 667 54 0 

